  3  10  600
 1 -1.1234 -0.2016  0.0826 -1.3271  1.0470  1.1330 -0.9270  1.6378 -0.9639  1.7189
 1 -1.1975 -0.7289 -0.7578 -1.4093  1.0184  1.1515 -0.9499  1.3601 -0.9462  1.3905
 1 -1.2654 -0.4847 -0.5579 -1.0383  1.1764  1.0586 -0.9642  1.4747 -1.0828  1.4701
 1 -0.6583  1.5452  0.9778 -0.3696  1.0006  1.1343 -0.9316  1.3669 -1.0711  1.3922
 1 -1.0333 -0.5184 -0.7913 -1.2488  1.0342  1.1934 -0.9314  1.9818 -0.9697  1.9502
 1 -1.2204 -0.8888 -0.6912 -0.8052  1.1506  1.3732 -0.9011  1.5541 -0.7687  1.6001
 1 -0.9525  0.2029 -0.5758 -0.7707  1.0136  1.0826 -0.8768  1.2700 -0.8628  1.3371
 1 -1.1000 -0.0339 -0.5169 -0.3869  1.2153  1.4333 -0.8664  1.5643 -0.8077  1.6207
 1 -0.5230 -0.0064  0.4444 -0.6896  0.9435  1.0843 -0.8347  1.4603 -0.8822  1.4521
 1  0.1601  1.8768  2.3121 -0.2366  0.7711  0.3135 -0.7466 -0.8484 -0.8557 -0.8032
 1  0.0774  3.1170  0.9021  0.1078  0.9234  0.7309 -0.7787 -0.2323 -0.9327 -0.3036
 1 -0.7385  1.5291 -0.0847 -0.1516  1.0574  1.2208 -0.8130  1.3987 -1.1211  1.4231
 1 -0.8140  0.7792  0.1618 -1.0688  0.9698  1.0974 -0.9138  1.2695 -1.0927  1.2786
 1 -0.4222  1.8030 -0.1193  0.3109  0.9471  1.1158 -0.6878  1.2500 -0.9724  1.2659
 1  0.3178  3.9272  2.8549  0.2610  0.3520 -0.7725 -0.5051 -0.8484 -0.2098 -0.8032
 1 -0.6860  0.3483 -0.0076 -0.1844  0.9917  1.0520 -0.7336  1.5251 -0.6837  1.6018
 1 -0.3660  1.9409  0.2152  0.4404  0.9710  1.1386 -0.6804  1.2691 -0.8852  1.3074
 1  0.0728  1.3972  1.2962  1.0884  0.8854  0.8250 -0.5117  0.7150 -0.8731  0.2432
 1 -1.0470 -0.6063 -0.8117 -0.3663  1.1142  1.3724 -0.8667  1.4591 -0.8492  1.5221
 1 -1.2483 -0.4702 -0.7459 -0.7353  1.1323  1.3208 -0.8981  1.4648 -0.8481  1.4612
 1 -1.1666 -0.4102 -0.1767 -1.1425  1.0839  1.2172 -0.9327  1.5824 -0.7917  1.5388
 1 -1.2525 -0.9409 -0.8763 -1.1743  1.0691  1.2048 -0.9762  1.4249 -0.9864  1.4706
 1 -1.1234 -0.8507 -0.6652 -1.2703  1.0913  1.1090 -0.9477  1.4716 -0.9718  1.4959
 1 -1.2807 -0.6306 -0.7110 -1.1407  1.1382  1.2921 -0.9575  1.5758 -0.9637  1.5882
 1 -1.2142 -0.4048 -0.3818 -1.1453  1.0905  1.3091 -0.9488  1.5869 -0.9729  1.5441
 1 -1.0961 -0.4105 -0.3418 -1.0597  1.0227  1.1551 -0.9862  1.4084 -0.9786  1.4228
 1 -1.1483 -0.7747 -0.3071 -1.0067  1.0291  1.1289 -0.9779  1.4039 -0.9884  1.4182
 1 -1.1527 -0.3974 -0.1196 -1.0140  1.0976  1.1891 -0.9794  1.3782 -0.9971  1.3982
 1 -1.2374 -0.4278 -0.6172 -0.5185  1.0803  1.4816 -0.9548  1.5357 -0.9904  1.5493
 1 -1.3359 -0.6594 -0.6927 -1.2282  1.1376  1.2643 -0.9829  1.5199 -1.0193  1.4491
 1 -1.0988 -0.3636 -0.4525 -1.2468  1.1145  1.2640 -0.9170  1.5852 -0.9607  1.5926
 1 -1.0615 -0.7961 -0.5835 -0.6320  1.0862  1.3457 -0.9366  1.5251 -0.9717  1.5125
 1 -1.2826 -0.3522 -0.6469 -1.1344  1.2069  1.3853 -0.9261  1.4237 -0.9697  1.4324
 2  1.1743  0.3869  0.8956  0.2155 -0.8869 -1.1446  0.0477 -0.8484  0.0803 -0.8032
 2  1.2129  0.5090  0.6535  0.2386 -0.7740 -1.1240  0.3168 -0.8484  0.2672 -0.8032
 2  1.3702  2.4648  3.2593  1.1811 -0.9508 -1.1446  0.2360 -0.8484  0.1569 -0.7081
 1 -1.0765  0.0756 -0.1175 -0.5018  1.0905  1.0942 -1.0108  1.3554 -0.9565  1.2877
 1 -1.2408  0.0034 -0.2513 -0.4504  1.0686  1.0896 -1.0228  1.2917 -0.9935  1.2013
 1 -1.2206 -0.4871 -0.5039 -0.6781  1.0966  1.1292 -1.0004  1.4492 -1.0075  1.5549
 2  1.1081  1.0741  2.5611 -0.0227 -0.2141 -0.8174  0.2249 -0.1934  0.0918 -0.3758
 2  0.8598  1.1755  2.8879  0.8051 -0.5175 -0.7211  0.1020 -0.4181  0.1337 -0.6729
 2  0.4857  1.1207  2.5445  1.1996  0.0234  0.0344  1.0901 -0.6192  1.2341 -0.8032
 3  1.4048  3.7395  3.9308  0.8972 -0.8612 -1.1446  0.6358 -0.8484  0.3334 -0.8032
 3  1.2267  1.3737  0.3374  0.2140 -1.2856 -1.1446  0.1898 -0.8484  0.0219 -0.8032
 3  0.8143 -0.1655 -0.8319  0.8932 -1.4272 -1.1446  0.9261 -0.8484  1.2157 -0.8032
 3  0.9137  0.8182  0.6030  0.4156 -1.4272 -1.1446  0.4663 -0.8484  0.6472 -0.8032
 3  1.1391  3.0159  2.5451  0.0131 -1.2856 -1.1446  0.1429 -0.8484  0.1092 -0.8032
 3  1.1866  1.1862 -0.2609  1.1693 -1.4272 -1.1446  0.9695 -0.8484  1.0422 -0.8032
 3  1.7233  0.5489 -0.6713  0.5082 -0.9653 -1.1446 -0.1973 -0.8484 -0.2615 -0.8032
 3  1.7888 -0.3128 -0.6863  0.1848 -0.7129 -1.1446 -0.2475 -0.8484 -0.3612 -0.8032
 3  1.1376 -0.0279 -0.8583  2.0177 -1.4272 -1.1446  1.8921 -0.8484  1.5675 -0.8032
 3  1.7343  0.8926 -0.6504  1.3341 -1.4272 -1.1446  0.3516 -0.8484  0.0466 -0.8032
 3  1.4954  0.1283 -0.4771  1.7586 -1.4272 -1.1446  0.8712 -0.8484  0.5627 -0.8032
 3  1.3276  0.3882 -0.6634  1.9461 -1.4272 -1.1446  1.2893 -0.8484  1.0167 -0.8032
 3  0.5345 -0.4496 -0.7028 -0.0952 -1.4272 -1.1446 -0.0176 -0.8484  0.0650 -0.8032
 3  0.5394 -0.4200 -0.2558  0.0932 -1.2894 -1.1446 -0.3381 -0.8484 -0.1737 -0.8032
 3  0.4919 -0.0150 -0.3436  0.3581 -1.2298 -1.1446 -0.6093 -0.8484 -0.3252 -0.8032
 3  0.5042 -0.8805 -0.7919 -0.0260 -1.4272 -1.1446 -0.2244 -0.8484  0.1092 -0.8032
 3  0.5432 -0.9567 -0.8787 -0.1362 -1.4272 -1.1446 -0.1424 -0.8484  0.1804 -0.8032
 3  0.5601 -1.0499 -0.9718 -0.2265 -1.4272 -1.1446 -0.0753 -0.8484  0.2204 -0.8032
 3  0.7339 -0.2882 -0.8338 -0.1311 -1.4272 -1.1446  0.2370 -0.8484  0.3950 -0.8032
 3  0.8605 -0.3142 -0.8179 -0.0278 -1.4272 -1.1446  0.0756 -0.8484  0.2070 -0.8032
 3  1.0854 -0.8846 -0.8199  0.3944 -1.4272 -1.1446 -0.2032 -0.8484 -0.0420 -0.8032
 3  1.0495 -0.8762 -0.8134  0.3144 -1.4272 -1.1446 -0.0843 -0.8484  0.0970 -0.8032
 3  0.9986 -0.5079 -0.6546  0.1945 -1.4272 -1.1446 -0.0053 -0.8484  0.1993 -0.8032
 3  1.0361 -0.5794 -0.6784  0.2146 -1.4272 -1.1446 -0.0350 -0.8484  0.0566 -0.8032
 3  0.8154 -0.7386 -0.8556  0.1098 -1.4272 -1.1446 -0.1121 -0.8484  0.1158 -0.8032
 1 -0.8149  0.1842  0.0998 -0.3478  1.0742  1.1866 -0.8113  1.3936 -0.8860  1.3875
 1 -0.1916  1.2508  0.5235 -0.6317  0.9280  0.6858 -0.7446 -0.8484 -0.8920 -0.8032
 1 -1.0741 -0.3899 -0.5350 -1.2586  1.0992  1.1258 -0.9204 -0.5733 -0.9521 -0.8032
 1 -1.1578 -0.7671 -0.1519 -1.0589  1.0518  1.1568 -0.9776  0.3875 -0.9715 -0.2617
 1 -1.0887  0.5005  0.2942  0.0946  1.1917  1.3487 -0.8497  1.4433 -0.8866  1.5125
 1 -0.6680  0.1838  0.2868 -0.3103  1.0645  1.2010 -0.8288  1.3957 -0.9783  1.4053
 1 -0.6609  0.6717  0.4914 -0.5947  0.9101  0.8973 -0.8530 -0.8484 -0.8699 -0.8032
 1 -1.0675 -0.0106 -0.2719 -0.9866  1.0948  1.1714 -0.9881 -0.5942 -0.9458 -0.6329
 1 -0.9522  1.1053 -0.2657 -0.2665  1.1269  1.3555 -0.8504  1.6605 -1.0390  1.7069
 1 -0.8301 -0.2446  0.3151 -0.8182  1.0638  1.2509 -0.8548  1.4685 -0.9232  1.5100
 1 -0.7168  0.3522 -0.0658 -0.6505  0.9471  0.7198 -0.8868 -0.7362 -0.8904 -0.8032
 1 -0.7760  0.7252  0.5232 -0.3536  1.0261  1.0892 -0.9459 -0.4700 -0.9515 -0.5139
 1 -1.0093  0.1696  0.0933 -0.3232  1.1017  1.3220 -0.8601  1.6010 -1.0813  1.6186
 1 -0.7358 -0.8590 -0.6885 -0.5211  1.0312  1.1959 -0.8423  1.3499 -0.9206  1.4078
 1 -0.9194 -0.6886 -0.8295 -1.1434  1.0661  1.1546 -0.8981  1.3756 -0.8367  1.4390
 3  0.2844  0.9099  1.1455  1.3079 -1.3330 -1.1446  1.4624 -0.8484  1.6009 -0.8032
 3  1.0847  0.9370 -0.7489 -0.0617 -1.3350 -1.1446 -0.1035 -0.8484 -0.2363 -0.8032
 3  0.9852  3.3022  2.8558  0.4781 -1.3826 -1.1446  0.2342 -0.8484  0.0217 -0.8032
 3  0.2419  0.3053  1.0258  2.2320 -1.4272 -1.1446  5.0147 -0.8484  4.6412 -0.8032
 3  0.8038  2.3038  2.3159  0.8976 -1.2573 -1.1446  1.5389 -0.8484  1.2927 -0.8032
 3  1.0287  0.9242  1.1619  0.7030 -0.6724 -1.1446  0.3830 -0.8484  0.1581 -0.8032
 3  1.0456  1.1201  3.1305  1.3854 -1.1241 -1.1446  0.9275 -0.8484  0.6943 -0.8032
 3  0.9617  0.2375  0.5383  0.6165 -1.1185 -1.1446  1.3668 -0.8484  1.1340 -0.8032
 3  0.9070  0.6855  1.1010  1.1226 -1.3449 -1.1446  0.4743 -0.8484  0.4295 -0.8032
 3  0.9362  1.5017  1.5883  1.6574 -1.4272 -1.1446  0.7180 -0.8484  0.5814 -0.8032
 3  0.9496  0.5886  0.5934  1.8002 -1.4272 -1.1446  4.1335 -0.8484  3.3371 -0.8032
 3  1.3983  2.9831  2.1004  0.5204 -0.8612 -1.1446  0.4555 -0.8484  0.0603 -0.8032
 3  1.1330  1.6380  2.5603  0.5696 -1.0545 -1.1446  0.1881 -0.8484 -0.0614 -0.8032
 3  1.2638  0.9658  0.9959  0.4236 -0.7903 -1.1446  0.5606 -0.8484  0.2274 -0.8032
 3  1.0111  1.4590  2.0323  1.8836 -1.1442 -1.1446  1.2802 -0.8484  0.7668 -0.8032
 3  1.2114  0.6206  0.9575  0.5670 -0.7638 -1.1446  0.7903 -0.8484  0.3537 -0.8032
 1 -1.2611  0.5062 -0.4462 -0.7534  1.0943  1.1265 -0.9865 -0.8484 -0.9645 -0.8032
 1 -1.2811  0.1070 -0.4987 -1.1104  1.0296  1.3239 -0.9809  1.5152 -1.3901  1.4554
 1 -0.0663  1.3502  1.8080  1.1719  0.7321  0.3914 -0.9239 -0.8484 -0.9814 -0.8032
 1 -1.0075 -0.2589 -0.1247 -0.9409  1.1015  1.2390 -0.8755  1.3707 -0.8632  1.4584
 1 -1.0486 -0.3539  0.0673 -0.9603  1.0464  1.1988 -0.9054  1.3101 -0.8710  1.3577
 1 -1.2328 -0.5808 -0.2263 -1.3173  1.1140  1.2322 -0.9271  1.3971 -0.8752  1.3802
 1 -1.2745 -0.6366 -0.7381 -1.5199  1.0821  1.2383 -0.9474  1.3261 -0.8741  1.3626
 1 -1.2972 -0.7361 -0.5754 -1.4545  1.1331  1.2504 -0.9511  1.4384 -0.8752  1.3978
 1 -1.3289 -0.8951 -0.7037 -1.2780  1.1331  1.3050 -0.9494  1.4273 -0.8704  1.4338
 1 -1.2506 -0.9169 -0.6073 -1.0386  1.1140  1.3290 -0.9182  1.3804 -0.8660  1.4107
 1 -1.1284 -0.6443 -0.3902 -1.2642  1.0689  1.1888 -0.9584  1.4200 -0.9467  1.5032
 1 -1.2429 -0.8324 -0.4616 -0.8510  1.2477  1.4020 -0.8979  1.5617 -0.7515  1.6039
 1 -1.2547 -0.7227 -0.8089 -1.0383  1.0222  1.0816 -0.9828  1.3763 -0.8403  1.4128
 1 -1.1014 -0.4538 -0.6463 -0.7317  0.8796  1.0634 -1.0027  1.4214 -1.0083  1.5446
 1 -1.2763 -0.4182 -0.4202 -1.3823  1.1756  1.2938 -0.9276  1.5093 -0.9572  1.5071
 1 -1.3347 -0.9072 -0.1586 -1.4100  1.0933  1.2293 -0.9715  1.4907 -0.9947  1.5203
 1 -1.0735 -0.6656 -0.2576 -0.8236  1.0783  0.9934 -0.9391 -0.3354 -0.9413 -0.3708
 1 -1.1475 -0.3931 -0.2222 -1.4787  1.0057  1.2102 -0.9345  1.5529 -1.0261  1.5573
 1 -1.2435 -0.7556 -0.4110 -1.1409  1.0668  1.1025 -0.9696 -0.3224 -0.9817 -0.3605
 1 -0.9855 -0.8844 -0.2776 -1.0195  1.0627  0.9657 -0.9196 -0.3488 -0.9456 -0.3137
 2  0.1031 -0.2797  0.4084 -0.7897  0.5787  0.1239 -0.4523 -0.5096 -0.4355 -0.6416
 1 -1.2052 -0.7505 -0.3509 -0.6483  1.1071  1.0489 -0.9849 -0.0626 -0.9952 -0.1678
 1 -0.9570 -0.4906 -0.4352 -0.9362  0.9588  0.9468 -0.9472 -0.3158 -0.9534 -0.3774
 1 -0.8072 -0.1477 -0.0588 -1.2692  0.9435  0.9844 -0.9061 -0.2984 -0.9643 -0.3282
 2  0.1525  0.3900  1.8996  0.0305  0.2343  0.1207 -0.2265 -0.5751 -0.2236 -0.5657
 2  0.1970 -0.0259  1.6087 -0.1367  0.2712  0.1636 -0.3659 -0.5054 -0.3878 -0.6186
 2  0.0846  0.2393  1.3214 -0.1503  0.4518  0.3863 -0.2475 -0.5306 -0.2113 -0.6039
 2  0.1624  0.3722  1.4981 -0.2418  0.3882  0.2772 -0.4226 -0.4691 -0.4381 -0.6282
 2 -0.3344 -0.1814  0.9979 -0.4232  0.5339  0.2798 -0.3782 -0.8109 -0.0794 -0.8032
 2 -0.1689 -0.2049  0.4673  0.1267  0.5818  0.2553 -0.1358 -0.8484 -0.0864 -0.8032
 2  0.2109  0.3323  0.8674  0.4412  0.1263 -0.0403  0.0261 -0.8484 -0.0220 -0.8032
 2  0.2192 -0.1089  0.2035 -0.2278  0.1046 -0.1143 -0.3668 -0.7098 -0.3425 -0.7420
 2  0.2103 -0.0532  0.1040 -0.0227  0.1989 -0.0093 -0.2266 -0.6645 -0.2644 -0.7366
 2 -0.5097  0.3489  0.3789 -0.7405  0.5897  0.5061 -0.5034  0.1994 -0.2148  0.0589
 2 -0.2496  0.8896  0.9795 -0.0484  0.8500  0.5090 -0.2542  0.1876  0.0503  0.0130
 2  0.4290  1.6822  1.7998 -0.4229  0.4060  0.0104 -0.3177 -0.0126 -0.2914 -0.1589
 2  0.2237  1.8188  1.9319  0.2629  0.4750  0.1974 -0.1138  0.0947 -0.0101  0.0399
 2  0.6175  2.7162  2.8864  0.2065  0.5079  0.1542 -0.2117  0.0534 -0.2524 -0.1121
 2  0.2090  1.3488  1.5093  1.0045  0.5543  0.4050 -0.0063  0.1013  0.0542 -0.0226
 3  1.5487 -0.5948 -0.8507  1.4447 -0.9681 -1.1446  0.7519 -0.8484  0.2982 -0.8032
 3  1.5652 -0.3423 -0.8329  1.5289 -1.0140 -1.1446  0.7452 -0.8484  0.2863 -0.8032
 3  1.3020 -0.5332 -0.7368  1.9803 -1.3620 -1.1446  1.4708 -0.8484  1.1043 -0.8032
 3  1.2822 -1.0886 -0.9230  1.9615 -1.4272 -1.1446  1.5487 -0.8484  1.2634 -0.8032
 3  1.2643 -1.0070 -0.8547  1.9218 -1.4272 -1.1446  1.4045 -0.8484  1.1889 -0.8032
 3  1.0890 -0.7014 -0.6887  1.8987 -1.4272 -1.1446  1.7356 -0.8484  1.5542 -0.8032
 3  1.0288 -0.7515 -0.7163  2.0556 -1.4272 -1.1446  2.0184 -0.8484  1.8650 -0.8032
 3  0.9202 -0.5940 -0.8914  2.3962 -1.4272 -1.1446  3.8355 -0.8484  3.7283 -0.8032
 3  0.9858  3.7735  2.1639  1.0890 -1.3177 -1.1446  0.7123 -0.8484  0.5005 -0.8032
 3  1.4457 -0.6210 -0.9396  1.0913 -1.0695 -1.1446  0.4995 -0.8484  0.1761 -0.8032
 3  1.4877 -0.8420 -0.8316  1.1672 -1.0695 -1.1446  0.5578 -0.8484  0.1955 -0.8032
 3  1.5336 -0.8128 -0.8605  1.3049 -1.0734 -1.1446  0.7246 -0.8484  0.2845 -0.8032
 3  1.5708 -0.8805 -0.8860  1.3708 -1.0499 -1.1446  0.7382 -0.8484  0.2804 -0.8032
 3  1.5869 -0.7975 -0.7852  1.3201 -1.0369 -1.1446  0.6588 -0.8484  0.2348 -0.8032
 3  1.5853 -0.4488 -0.8206  1.2595 -1.0876 -1.1446  0.4691 -0.8484  0.1080 -0.8032
 3  1.5578 -0.9365 -0.9613  1.4974 -1.2573 -1.1446  0.7871 -0.8484  0.2993 -0.8032
 3  1.5231 -0.8708 -0.9979  1.6565 -1.3475 -1.1446  0.9824 -0.8484  0.4317 -0.8032
 3  1.2012 -0.6539 -0.4754  1.1881 -1.2354 -1.1446  0.8709 -0.8484  0.4863 -0.8032
 3  1.2124 -0.3508 -0.5144  1.1655 -1.2471 -1.1446  0.7146 -0.8484  0.3537 -0.8032
 2 -0.0270  0.3755  1.7097  0.1123  0.2712 -0.1339  0.0680 -0.8484  0.5234 -0.8032
 2  0.2949  0.4106  1.5917 -0.3874  0.3252 -0.0782 -0.2056 -0.8317 -0.0708 -0.8032
 2  0.4435  0.4349  2.0541  0.1319  0.0116 -0.5382  0.1712 -0.8484  0.2030 -0.8032
 2  0.3313  0.9463  2.0203  0.1384  0.2075 -0.1744  0.0018 -0.8484  0.0126 -0.8032
 1 -1.1399 -0.5978 -0.7029 -1.2333  1.0658  1.1711 -0.9591  1.4869 -1.3901  1.4996
 2 -0.5524  0.7486 -0.3543 -0.2245  0.4946  0.5148 -0.4260  0.2064  0.1375  0.1418
 2  0.0202  0.3940  0.1245  0.1780  0.4256  0.3436 -0.1759 -0.8126 -0.1798 -0.8032
 2 -0.3391  0.4498 -0.2827 -0.1509  0.4896  0.3567 -0.1475 -0.2422  0.2699 -0.2455
 1 -1.3072 -0.8858 -0.6444 -1.5209  1.1333  1.2563 -0.9584  1.3962 -0.9623  1.3732
 2  0.0907  1.5477  1.7172  0.6639  0.2954 -0.1051  0.2460 -0.4891  0.3873 -0.4910
 2  0.3881  1.7994  2.0759  0.2213  0.2519 -0.1157 -0.0250 -0.5627  0.0203 -0.5547
 2  0.5118  0.0472  1.3284 -0.0658  0.3298 -0.1550 -0.2488 -0.5775 -0.3090 -0.5877
 1 -1.2897 -0.8888 -0.5003 -1.4703  1.1267  1.2444 -0.9492  1.4681 -0.9689  1.4507
 1 -1.2239 -0.7500 -0.2496 -1.5009  1.0584  1.2218 -0.9534  1.3716 -0.9806  1.4076
 1 -1.2533 -0.8796 -0.2376 -1.4631  1.0765  1.2034 -0.9551  1.4053 -0.9646  1.3781
 2  0.5107  2.4506  2.6597  0.1775  0.1826 -0.0498 -0.0679 -0.5537 -0.0559 -0.5917
 1 -1.2223 -0.5315 -0.2617 -1.4226  1.1267  1.2325 -0.9402  1.4975 -0.9678  1.5156
 2  0.3092  1.5710  1.7873  0.5108  0.1902 -0.1628  0.0961 -0.5115  0.0882 -0.5802
 1 -1.2473 -0.6306 -0.4056 -1.4673  1.1267  1.2257 -0.9472  1.4320 -0.9589  1.4678
 1 -1.2172 -0.6629 -0.5382 -1.4803  1.0760  1.2204 -0.9531  1.3509 -0.9656  1.3872
 1 -1.1679 -0.5198 -0.6438 -1.3890  1.0391  1.1857 -0.9551  1.3532 -0.9722  1.4125
 1 -1.2153 -0.6022 -0.7729 -1.3588  1.1140  1.2684 -0.9340  1.3834 -0.9499  1.4910
 1 -1.2037 -0.5075 -0.5301 -1.2643  1.1025  1.2752 -0.9438  1.6303 -0.9555  1.6753
 1 -1.0900 -0.0574 -0.0598 -1.1092  1.0098  1.2031 -0.9696  1.5308 -0.9768  1.5816
 1 -1.2342 -0.0536 -0.3574 -1.0853  1.1748  1.3038 -0.9573  1.5598 -0.9437  1.5554
 2  0.4956  1.8386  2.0249 -0.3516  0.2865 -0.1157 -0.2050 -0.5768 -0.2865 -0.6469
 2  0.3663  1.6708  1.7807  0.0093  0.2712 -0.0774 -0.1187 -0.5497 -0.1979 -0.6001
 2  0.0801  1.3131  1.3579 -1.1074  0.3451  0.1442 -0.5775 -0.1649 -0.5330 -0.2376
 1 -1.2596 -0.3393 -0.6414 -1.0605  1.0398  1.1980 -0.9948  1.4978 -0.9667  1.5331
 1 -1.2801 -0.6321 -0.4041 -0.9526  1.1532  1.3622 -0.9295  1.5277 -0.9474  1.6235
 1 -1.3063 -0.6656 -0.4179 -1.0525  1.1866  1.3501 -0.9197  1.4787 -0.9449  1.5631
 1 -1.2829 -0.9294 -0.6344 -1.5082  1.1137  1.2618 -0.9543  1.5397 -0.9804  1.5811
 1 -1.2774 -0.5839 -0.7349 -1.2893  1.1020  1.2691 -0.9500  1.6175 -0.9795  1.6802
 2 -0.1361  1.3725  1.4366 -0.3907  0.5596  0.4266 -0.3942  0.0117 -0.3355 -0.0961
 2 -0.2178  0.7918  0.8296 -0.1918  0.6325  0.5410 -0.3103  0.1381 -0.2113 -0.1221
 2 -0.2551 -0.1102 -0.2005  0.0550  0.5476  0.6038 -0.2204 -0.0626 -0.0284 -0.2221
 1 -1.2658 -0.0727 -0.2176 -1.1536  1.1970  1.3659 -0.9215  1.9111 -0.7704  1.9966
 2 -0.2279 -0.5072 -0.4336  0.0939  0.5897  0.6339 -0.1642 -0.0232  0.0273 -0.1982
 2 -0.2978 -0.5104 -0.5281  0.2204  0.5759  0.6589 -0.1687 -0.0223  0.1130 -0.1226
 2  0.0427  0.2051  0.0546  0.2370  0.5481  0.4195 -0.1783 -0.0626 -0.0577 -0.1921
 2 -0.0868  0.3186  0.9613  0.3207  0.5166  0.4544 -0.2646 -0.0277 -0.0375 -0.1786
 2 -0.3872  0.0160  0.8075  0.0892  0.5543  0.5301 -0.3372 -0.0812  0.0393 -0.1898
 1 -1.2107  0.2257 -0.6510 -1.2814  1.1257  1.2206 -0.9375  1.4898 -0.9476  1.4467
 1 -1.2432 -0.5768 -0.3130 -0.5731  1.2762  1.4622 -0.9144  1.5199 -0.9887  1.5706
 1 -1.1890 -0.5527 -0.6948 -1.1472  0.9952  1.2548 -0.9602  1.4388 -1.0016  1.4238
 1 -1.2771 -0.7040 -0.6706 -1.2237  1.0648  1.2662 -0.9769  1.3457 -0.9729  1.4041
 1 -1.2000 -0.5540 -0.8295 -0.5834  0.9922  1.0865 -0.9889  1.3382 -1.0069  1.2814
 1 -1.2870 -0.8681 -0.5598 -0.9037  1.0831  1.2000 -0.9926  1.3275 -0.9814  1.3388
 1 -1.2095 -0.4989 -0.5374 -1.1537  1.0036  1.1595 -0.9849  1.3964 -1.0025  1.4266
 1 -1.2099 -0.5438 -0.8710 -1.2505  1.0212  1.1617 -0.9771  1.3742 -0.9839  1.3568
 2  0.1429 -0.1123  1.6101  0.1248  0.0058 -0.3362  0.1755 -0.4799  0.7480 -0.4861
 2  0.1899  0.3468  1.7883  0.0070  0.2712 -0.2382  0.1930 -0.4912  0.7228 -0.4720
 2  0.2583  0.1634  1.9912  0.1764  0.0488 -0.2014 -0.1147 -0.3993  0.3118 -0.4128
 1 -1.2061 -0.0369 -0.2123 -1.2520  1.0360  1.1153 -0.9782  1.1326 -0.9710  1.1645
 2 -0.0738  0.3713  0.9106  0.4197  0.1889 -0.2841  0.2283  0.1150  0.8649  0.1538
 1 -1.0290  0.3891 -0.3229 -1.0849  1.0271  1.0984 -0.9636  1.1835 -0.9605  1.1819
 2 -0.0600 -0.0414 -0.0795  0.1721  0.1833 -0.0294  0.2770  0.6150  0.9558  0.4350
 2 -0.0723 -0.0099 -0.2394  0.3464  0.1889  0.0550  0.2124  0.5714  0.7892  0.6071
 2  0.3314  0.0038  0.1414  0.2632  0.2712 -0.0532  0.1125  0.1930  0.2291  0.5240
 2  0.2382 -0.4557  0.2340  0.2172  0.1902 -0.0668 -0.0386  0.3118  0.1476  0.5538
 2  0.2686 -0.1863 -0.0263  0.2023  0.2908  0.0400 -0.0202  0.4309  0.1149  0.6493
 1 -1.2671 -0.5664 -0.4142 -1.5266  1.0864  1.2160 -0.9712  1.4725 -0.9814  1.5388
 1 -1.2528 -0.6091 -0.6134 -1.2151  1.1881  1.3394 -0.9357  1.6803 -0.9572  1.7877
 1 -1.1457 -0.0928  0.3740 -1.3153  1.1083  1.1782 -0.9402  1.4928 -0.9605  1.5718
 1 -1.2417 -0.5083  0.0565 -0.8270  1.0202  1.1200 -0.9986  1.3872 -0.9667  1.3884
 3  1.8012  4.2124  4.3381  2.2891 -1.4272 -1.1446  1.1245 -0.8484  0.7183 -0.8032
 3  1.4915  3.9349  4.0972  2.4280 -1.4272 -1.1446  1.6214 -0.8484  1.1083 -0.8032
 3  1.2284  3.6627  2.8618  3.4808 -1.4272 -1.1446  5.0651 -0.8484  3.9766 -0.8032
 3  1.5217  0.8849 -0.4344  2.4410 -1.4272 -1.1446  1.6569 -0.8484  1.2986 -0.8032
 3  1.9021  0.0229 -0.4215  0.8753 -1.3454 -1.1446  0.0898 -0.8484  0.2691 -0.8032
 3  1.7118 -0.6317 -0.8629  0.7701 -1.4099 -1.1446  0.0392 -0.8484 -0.1014 -0.8032
 3  1.5364 -0.5952 -0.9417  0.7251 -1.4272 -1.1446  0.1685 -0.8484  0.0023 -0.8032
 3  1.2625 -0.6056 -0.7913  0.7964 -1.4272 -1.1446  0.4357 -0.8484  0.4082 -0.8032
 3  1.3145 -0.6229 -0.8137  0.8702 -1.4272 -1.1446  0.4920 -0.8484  0.3915 -0.8032
 3  1.3494 -0.4725 -0.7853  0.6170 -1.4071 -1.1446  0.1078 -0.8484  0.0393 -0.8032
 3  1.1901  1.2047 -0.2823  0.1203 -1.1442 -1.1446  0.0200 -0.8484  0.0498 -0.8032
 3  1.2711  0.2972 -0.7523  0.2057 -1.4084 -1.1446 -0.0679 -0.8484 -0.0505 -0.8032
 3  1.7495  0.4995 -0.0825  0.5895 -1.1826 -1.1446 -0.2360 -0.8484 -0.3699 -0.8032
 3  1.4625  0.4429 -0.9275  2.8928 -1.4272 -1.1446  2.2834 -0.8484  1.6076 -0.8032
 3  2.1833 -0.8256 -0.7761  0.5183 -1.1055 -1.1446 -0.1498 -0.8484 -0.4399 -0.8032
 3  2.2070 -0.7309 -0.9160  0.4713 -1.0216 -1.1446 -0.1584 -0.8484 -0.4565 -0.8032
 3  2.2192 -0.7556 -0.9261  0.4354 -0.9842 -1.1446 -0.1962 -0.8484 -0.4841 -0.8032
 3  2.2330 -0.8675 -0.7973  0.4233 -0.9783 -1.1446 -0.2072 -0.8484 -0.4930 -0.8032
 3  2.2737 -0.6486 -0.8258  0.5818 -0.9906 -1.1446 -0.2143 -0.8484 -0.4867 -0.8032
 3  2.3282 -0.7353 -0.7387  0.7390 -1.0326 -1.1446 -0.2353 -0.8484 -0.4956 -0.8032
 3  2.3448 -0.2544 -0.6245  0.7053 -1.0581 -1.1446 -0.1641 -0.8484 -0.4968 -0.8032
 3  1.5389  0.0869 -0.9511  1.7047 -1.4272 -1.1446  0.9233 -0.8484  0.6161 -0.8032
 3  1.3539  0.0645 -0.9206  2.1834 -1.4272 -1.1446  1.6471 -0.8484  1.2634 -0.8032
 3  1.1333 -0.6139 -0.5785  1.2262 -1.4272 -1.1446  0.7355 -0.8484  0.6472 -0.8032
 3  1.0384 -0.8635 -0.7449  1.1244 -1.4272 -1.1446  0.8977 -0.8484  0.8700 -0.8032
 3  1.0212 -0.5739 -0.7562  1.1374 -1.4272 -1.1446  0.9883 -0.8484  0.9688 -0.8032
 3  1.0439 -0.6146 -0.6650  1.1309 -1.4272 -1.1446  1.1060 -0.8484  1.0815 -0.8032
 3  1.0871 -0.8078 -0.7070  1.0953 -1.4272 -1.1446  0.7519 -0.8484  0.7686 -0.8032
 3  1.2059 -0.7571 -0.8860  1.0435 -1.4272 -1.1446  0.6366 -0.8484  0.7022 -0.8032
 3  1.1319 -1.0302 -0.9979  1.2597 -1.4272 -1.1446  1.0342 -0.8484  0.9080 -0.8032
 3  1.2168 -0.5723 -0.7834  1.4558 -1.4272 -1.1446  1.2059 -0.8484  1.0535 -0.8032
 3  1.2908 -0.6656 -0.8977  1.4086 -1.4272 -1.1446  0.8503 -0.8484  0.7157 -0.8032
 3  1.4603 -0.1437 -0.5156  1.2353 -1.4272 -1.1446  0.6923 -0.8484  0.5316 -0.8032
 3  1.5821 -0.2022 -0.4620  1.2187 -1.4272 -1.1446  0.3092 -0.8484  0.1923 -0.8032
 3  1.6844  0.1480 -0.8804  1.2639 -1.4272 -1.1446  0.2086 -0.8484  0.0774 -0.8032
 3  1.7035 -0.6103 -0.8360  1.5559 -1.4272 -1.1446  0.5193 -0.8484  0.3458 -0.8032
 3  1.7392 -0.7964 -0.7049  1.7335 -1.4272 -1.1446  0.5990 -0.8484  0.3815 -0.8032
 3  1.7785 -0.7480 -0.8977  1.8722 -1.4272 -1.1446  0.7314 -0.8484  0.4393 -0.8032
 3  1.7697 -0.8426 -0.9597  2.0259 -1.4272 -1.1446  0.9904 -0.8484  0.6561 -0.8032
 3  1.7131 -0.7510 -0.8977  1.9095 -1.4272 -1.1446  0.9233 -0.8484  0.6383 -0.8032
 3  1.5791 -0.7195 -0.7834  1.5364 -1.4272 -1.1446  0.6221 -0.8484  0.3741 -0.8032
 3  1.3957  0.0779 -0.7846  1.4140 -1.4272 -1.1446  0.6997 -0.8484  0.5138 -0.8032
 3  1.2279  0.4681 -0.8319  1.4310 -1.4272 -1.1446  0.8876 -0.8484  0.7939 -0.8032
 3  0.9064 -0.4844 -0.6823  1.2411 -1.4272 -1.1446  1.1583 -0.8484  0.7365 -0.8032
 3  0.9897 -0.8867 -0.6790  1.3291 -1.4272 -1.1446  1.2866 -0.8484  0.8322 -0.8032
 3  0.9687 -0.9709 -0.9143  1.3144 -1.4272 -1.1446  1.1721 -0.8484  0.7572 -0.8032
 3  0.9089 -0.9951 -0.9236  1.3923 -1.4272 -1.1446  1.4002 -0.8484  0.8873 -0.8032
 3  0.8889 -1.0060 -0.8381  1.5185 -1.4272 -1.1446  1.6864 -0.8484  1.1020 -0.8032
 3  0.8642 -0.8011 -0.8349  1.6489 -1.4272 -1.1446  1.8521 -0.8484  1.2727 -0.8032
 3  0.8123 -0.5566 -0.8684  1.7428 -1.4272 -1.1446  2.2419 -0.8484  1.5879 -0.8032
 3  1.4912 -0.5263 -0.7714  0.7693 -1.1903 -1.1446  0.1228 -0.8484 -0.0728 -0.8032
 3  1.4807 -0.9105 -0.8483  0.6951 -1.2056 -1.1446 -0.0179 -0.8484 -0.1566 -0.8032
 3  1.5110 -0.8054 -0.6427  0.5437 -1.0395 -1.1446  0.0569 -0.8484 -0.1023 -0.8032
 3  1.5206 -0.8704 -0.6913  0.4093 -0.9671 -1.1446  0.0090 -0.8484 -0.1781 -0.8032
 3  1.5183 -0.8112 -0.9055  0.4536 -0.9766 -1.1446 -0.0762 -0.8484 -0.2152 -0.8032
 3  1.5260 -0.8683 -0.6728  0.2975 -0.9304 -1.1446 -0.1669 -0.8484 -0.3079 -0.8032
 3  1.5549 -0.8578 -0.6977  0.2455 -0.8777 -1.1446 -0.0582 -0.8484 -0.2504 -0.8032
 3  1.6450 -0.7427 -0.5508  0.2269 -0.7903 -1.1446 -0.0001 -0.8484 -0.2529 -0.8032
 3  1.6722 -0.5002 -0.6095  0.3423 -0.8023 -1.1446 -0.0555 -0.8484 -0.2913 -0.8032
 3  1.6272 -0.5834 -0.8427  0.3212 -0.8555 -1.1446 -0.0663 -0.8484 -0.2783 -0.8032
 3  1.5404 -0.8292 -0.7674  0.0568 -0.8713 -1.1446 -0.1647 -0.8484 -0.3425 -0.8032
 3  1.5409 -0.6684 -0.5873  0.0631 -0.8713 -1.1446 -0.1602 -0.8484 -0.3558 -0.8032
 3  0.9718 -0.0332 -0.8600  1.1307 -1.4272 -1.1446  1.1060 -0.8484  0.8057 -0.8032
 3  0.4871  0.2402 -0.5123  0.3978 -1.4272 -1.1446  0.7092 -0.8484  0.9215 -0.8032
 2  0.6731  1.5353  1.8982 -0.9838  0.0030 -0.5914 -0.4001 -0.8484 -0.4030 -0.8032
 2  0.4933  0.9462  1.1041 -0.7527  0.1242 -0.6161 -0.3358 -0.8484 -0.2980 -0.8032
 2  0.7053  2.2344  2.2709 -0.1628  0.0305 -0.3496 -0.2236 -0.8484 -0.6220 -0.8032
 1 -1.2738 -0.6130 -0.5384 -1.3006  1.0808  1.2808 -0.9372 -0.0869 -0.9394 -0.7184
 1 -1.1928 -0.6963 -0.5005 -1.2230  1.0742  1.2808 -0.9124  0.0777 -0.9497 -0.6277
 1 -1.1960 -0.4923 -0.4563 -1.3523  1.0615  1.1813 -0.9318  0.2760 -0.9385 -0.4430
 1 -1.2833 -0.5884 -0.7816 -1.1692  1.1073  1.3428 -0.9564  1.5214 -1.0728  1.5027
 2  0.4837  6.0022  0.9961  0.1121  0.0682 -0.1429 -0.8493 -0.2505 -0.9269 -0.3875
 2  0.4400  4.8770  1.8192  0.6693  0.3217  0.0295 -0.7646 -0.2684 -0.9038 -0.2734
 1 -1.2487 -0.5196 -0.5816 -1.0061  1.0253  1.1112 -0.9954  1.1026 -0.9852  0.8509
 1 -1.3154 -0.6930 -0.6948 -1.1498  1.0964  1.1896 -0.9921  1.3931 -1.0246  1.4123
 1 -1.3147 -0.5232 -0.3992 -1.1471  1.1866  1.3123 -0.9350  1.6383 -0.9667  1.5875
 1 -1.2903 -0.4709 -0.3707 -1.0919  1.1137  1.3693 -0.9350  1.6260 -0.9599  1.5875
 1 -1.2189 -0.8151 -0.5769 -1.1740  1.0426  1.2868 -0.9489  1.4973 -0.9611  1.4851
 1 -1.2336 -0.4562 -0.3881 -1.2834  1.0095  1.2339 -0.9803  1.4183 -0.9944  1.4200
 2 -0.3811 -0.3196  0.1446 -0.4087  0.3808 -0.0493 -0.1525 -0.8229  0.5809 -0.8032
 2  0.0928  0.0103  1.2669 -0.5615  0.4292  0.0210 -0.2318 -0.5377 -0.2536 -0.4945
 1 -1.0360 -0.4078 -0.8081 -0.6671  1.0268  0.9693 -0.9628  1.5166 -1.1633  1.5673
 1 -1.3068 -0.3301 -0.4534 -1.0247  1.1848  1.3911 -0.9360  1.5214 -0.9645  1.5329
 2 -0.0497  0.5941  0.6008 -0.3245  0.2277 -0.1909 -0.1625 -0.7678 -0.1240 -0.6631
 1 -1.0129 -0.1236  0.0440 -1.1288  0.9473  1.0562 -0.9400  1.4947 -1.1950  1.5821
 1 -1.3268 -0.6502 -0.4149 -1.3124  1.0342  1.1871 -0.9928  1.4353 -0.9880  1.4765
 2 -0.0619  0.0752 -0.1348 -0.5391  0.2712 -0.0995 -0.3098 -0.8484 -0.2188 -0.8032
 2 -0.1494 -0.4867 -0.0562 -0.6061  0.2287 -0.0330 -0.3364 -0.8484 -0.1744 -0.8032
 2 -0.2721  0.4782  0.6949 -0.3651  0.3721  0.3375 -0.3138 -0.0065 -0.1004 -0.1341
 2 -0.3690 -0.0078 -0.0814 -0.7392  0.1683 -0.2137 -0.3063 -0.8484  0.0381 -0.8032
 1 -1.3447 -0.8724 -0.8750 -1.4888  1.0627  1.2565 -0.9770  1.4501 -0.9513  1.4566
 1 -1.1807 -0.6523 -0.6320 -1.3826  0.8847  1.1626 -0.9660  1.4633 -0.9774  1.3849
 2 -0.1666 -0.4963 -0.3443 -0.6824  0.3418  0.0007 -0.2113 -0.8484 -0.0905 -0.7814
 2 -0.5028 -0.3440 -0.2446  0.1491  0.6162  0.7249 -0.1242  0.0357  0.2575 -0.1200
 2 -0.3260 -0.1254  0.0881 -0.3284  0.3066 -0.3699  0.2703 -0.8156  0.7022 -0.7380
 2 -0.0566 -0.7822 -0.5561 -0.3810  0.2924  0.0276 -0.1888 -0.7699  0.1667 -0.7252
 2 -0.1023  0.2136  0.2681 -0.6128  0.1013 -0.4747 -0.1686 -0.8484 -0.0110 -0.7587
 2 -0.2113 -0.4253 -0.4028  0.2406  0.5237  0.5379 -0.0922 -0.0414  0.0920 -0.2547
 1 -1.2768 -0.6590 -0.8124 -1.0771  1.1336  1.3120 -0.9200  1.6859 -0.9713  1.6961
 1 -1.2432 -0.8324 -0.6072 -1.2689  1.1004  1.2492 -0.9715  1.4542 -0.9415  1.4900
 2 -0.1639 -0.0959  1.2997 -0.6517 -0.0554 -0.6782  0.0614 -0.8484  0.3932 -0.8032
 2  0.4372  2.2715  2.8477 -0.5199  0.4322  0.0960 -0.3293 -0.2521 -0.4355 -0.3053
 1 -1.2426 -0.0624 -0.4562 -1.3014  1.1888  1.2611 -0.9498  1.5664 -0.9336  1.5828
 1 -1.2184 -0.7069 -0.6228 -1.3953  1.1203  1.2053 -0.9383  1.4228 -0.9543  1.4727
 2  0.0684 -0.2990  0.4038 -0.4438  0.4378  0.0392 -0.3855 -0.2731 -0.3589 -0.2875
 1 -1.1450 -0.4462 -0.8801 -1.0369  1.0355  1.0314 -0.9675  1.4308 -0.9704  1.4022
 1 -1.2552 -0.2529 -0.6072 -1.0672  1.0992  1.3615 -0.9143  1.6666 -0.9154  1.6884
 2 -0.0601  0.1931  1.4025 -0.7698 -0.2006 -0.7854  0.0232 -0.8484  0.4298 -0.8032
 1 -1.1657 -0.7797 -0.8662 -0.7231  1.1517  1.3780 -0.8922  1.6185 -0.9151  1.6978
 2  0.1233  0.1397  1.1569 -0.7508  0.0771 -0.6365 -0.1194 -0.8484  0.0184 -0.8032
 2  0.1484 -0.0897  0.5129 -0.7784  0.2075 -0.6394 -0.1765 -0.8484 -0.1561 -0.8032
 2 -0.1754  0.2217 -0.1805 -0.0938  0.3721  0.3375 -0.2845 -0.1748 -0.0969 -0.2270
 1 -1.2201 -0.0506  0.2428 -1.2032  1.1055  1.3232 -0.9308  1.5230 -0.9577  1.4085
 2  0.1573 -0.1739  0.6913 -0.8412  0.2075 -0.6394 -0.1765 -0.8484 -0.1378 -0.8032
 1 -1.2089 -0.4346 -0.5165 -1.0237  1.0979  1.3736 -0.9370  1.6623 -0.9538  1.7666
 1 -1.3282 -0.4131 -0.3072 -1.4572  1.1203  1.2597 -0.9653  1.4410 -0.9744  1.5727
 2 -0.0401  0.7766  1.0059 -0.4016  0.3466  0.2029 -0.2865  0.0947 -0.1973 -0.0573
 2  0.0441 -0.3230  0.3805 -0.2206 -0.1705 -0.9828  0.4076 -0.8484  0.7059 -0.8032
 1 -1.2043 -0.4398 -0.5919 -1.0239  1.0979  1.3952 -0.9130  1.5996 -0.9148  1.6561
 2 -0.2025  0.6136  0.9161 -0.1606  0.3953  0.4132 -0.2978  0.1675 -0.0757  0.0727
 1 -1.2654 -0.2526 -0.6854 -1.1310  1.1277  1.3086 -0.9399  1.5296 -0.9225  1.5858
 1 -1.2343 -0.6392 -0.2330 -0.9706  1.0396  1.1267 -0.9911  1.2224 -0.9551  1.1980
 1 -1.2588 -0.6944 -0.5914 -1.2330  1.0490  1.1721 -0.9985  1.3905 -0.9865  1.4076
 2 -0.1146 -0.1362  0.3284 -0.6270  0.4750  0.2459 -0.4433  0.1105 -0.3153  0.0088
 1 -1.2899 -0.5033 -0.6103 -1.0431  1.1501  1.3588 -0.9437  1.6541 -0.9706  1.5936
 2  0.1531 -0.6201  0.6628  0.1763 -0.3302 -1.0771  0.6290 -0.8484  0.8673 -0.8032
 1 -1.2205 -0.3993 -0.7022 -1.3357  1.0556  1.2601 -0.9383  1.5093 -0.9493  1.5453
 1 -1.3232 -0.7260 -0.5195 -1.1735  1.1343  1.3409 -0.9432  1.6326 -0.9740  1.6032
 1 -1.2007 -0.4785 -0.7364 -1.4230  1.0627  1.1711 -0.9571  1.4428 -0.9705  1.3933
 2  0.2114 -0.3076  0.7622  0.2563 -0.4082 -1.1446  0.5847 -0.8484  0.7705 -0.8032
 1 -1.3362 -0.8789 -0.4899 -1.3086  1.1769  1.3414 -0.9388  1.5289 -0.9154  1.5908
 1 -1.2602 -0.4435 -0.8138 -1.2775  1.1066  1.2480 -0.9756  1.6755 -0.9787  1.7292
 1 -1.2076 -0.7410 -0.5379 -1.2669  1.1555  1.2674 -0.9249  1.4120 -0.9655  1.3968
 2  0.2423  1.7828  2.0492  0.3258 -0.6184 -1.1446  0.8924 -0.8484  1.2201 -0.8032
 2 -0.0211 -0.5134 -0.5614 -0.0864  0.4732  0.2413 -0.1264 -0.4367  0.0498 -0.4315
 1 -1.2608 -1.0280 -0.6166 -1.1974  1.0518  1.2938 -0.9517  1.5348 -0.9241  1.5074
 2 -0.3504 -0.7266 -0.1188 -0.2860  0.5260  0.4118 -0.3179  0.0553 -0.0314 -0.0029
 2 -0.0712 -0.6676 -0.6007 -0.0708  0.3303  0.1903 -0.2204 -0.4099  0.0160 -0.4402
 1 -1.2289 -0.5964 -0.2998 -1.0003  1.0999  1.1384 -0.9794  1.2830 -0.9714  1.3203
 2 -0.1529 -0.4876 -0.6320 -0.0869  0.4197  0.2905 -0.1765 -0.3375  0.1227 -0.3933
 2  0.5635  2.1136  2.3374  0.2113 -0.3657 -1.0434  0.4445 -0.8484  0.3217 -0.8032
 1 -1.2587 -0.8054 -0.4122 -1.1778  1.0273  1.1607 -0.9926  1.5155 -1.0103  1.5083
 2  0.1873 -0.2260 -0.7687  0.7998  0.4888  0.4930  0.1024  0.0181  0.0264 -0.0626
 2  0.1943  0.3244 -0.0283  0.2308 -0.7778 -1.0970  1.3161 -0.8022  1.8814 -0.8032
 2  0.3213  0.0190  0.0143 -0.0374 -0.7666 -1.0847  0.3420 -0.8194  0.6526 -0.8032
 2  0.4497 -0.0207  0.0973 -0.4884  0.0870 -0.0396 -0.4244 -0.2196 -0.4801 -0.3608
 2  0.4468  0.0041 -0.0450 -0.2807  0.3561  0.1355 -0.3179 -0.3113 -0.3505 -0.3868
 2  0.3479  1.8060  1.4456 -0.2805 -0.4609 -1.0609  0.3958 -0.8213  0.5460 -0.7762
 2  0.3861  0.8227 -0.2952 -0.2086  0.1321  0.0167 -0.3347 -0.2340 -0.4065 -0.3774
 2  0.3515  0.2498 -0.1510 -0.2470  0.4075  0.1692 -0.2626 -0.3012 -0.2829 -0.3432
 2  0.2088  2.1532  1.7520  0.0459  0.2531  0.0766 -0.1220 -0.1628 -0.2425 -0.2715
 1 -0.8172 -0.3142 -0.0855  0.0865  0.9275  1.0278 -1.0314  1.2153 -1.0207  1.2418
 1 -0.8194  0.7379 -0.2095  0.3289  0.8307  0.9771 -1.0265  1.1186 -1.0422  1.1146
 1 -1.2012 -0.5301 -0.6540 -1.1128  1.0971  1.1646 -0.9763  1.4770 -0.9567  1.4587
 1 -0.7348  1.4391  0.2793 -0.7424  0.9321  1.0387 -0.9416  1.1847 -1.0370  1.2116
 1 -0.8454  1.8510  0.6592  0.6118  0.8763  0.8832 -1.0715  0.8277 -1.0608  0.7322
 1 -0.5997  1.7302  0.3911 -0.1758  0.8541  0.9077 -0.9987  0.7699 -1.0266  0.5179
 1 -1.2276 -0.7898 -0.7371 -1.2050  1.1685  1.2866 -0.9312  1.6041 -0.9490  1.5830
 1 -1.2949 -0.6697 -0.3545 -1.2495  1.0732  1.2526 -0.9713  1.5421 -0.9616  1.5388
 1 -1.3644 -0.7994 -0.6011 -1.4120  1.0849  1.2470 -0.9627  1.5966 -0.9749  1.5495
 2 -0.0881  0.0456 -0.2884 -0.0949  0.5089  0.3591 -0.3302 -0.2196 -0.1422 -0.2879
 2 -0.0959 -0.2730 -0.0375 -0.1503  0.4518  0.2832 -0.2894 -0.3132 -0.1520 -0.4046
 1 -1.3038 -0.2417 -0.1378 -1.3403  1.0653  1.1862 -0.9999  1.3563 -1.0039  1.3512
 1 -1.2385 -0.7465 -0.6314 -0.9431  0.9807  1.1158 -0.9890  1.3386 -0.9986  1.3641
 1 -1.2841 -0.1416 -0.5416 -1.2097  1.0808  1.2325 -0.9843  1.4157 -0.9910  1.4715
 2 -0.3364 -0.5737 -0.6372 -0.2556  0.7135  0.6240 -0.3752 -0.2262 -0.1537 -0.2989
 1 -1.3166 -0.3041 -0.2204 -1.3212  1.0360  1.2325 -0.9793  1.4834 -0.9978  1.5594
 2 -0.4687 -0.6758 -0.7243 -0.6336  0.7344  0.6781 -0.5671 -0.1625 -0.2945 -0.2781
 1 -1.2601 -0.5484 -0.6183 -1.2649  1.1320  1.2310 -0.9545  1.4447 -0.9587  1.4692
 1 -1.2799 -0.7686 -0.3112 -1.1816  1.0966  1.2921 -0.9438  1.4928 -0.9544  1.4952
 1 -1.2561 -0.5043 -0.2705 -1.3491  1.0617  1.2417 -0.9645  1.5636 -0.9627  1.5711
 1 -1.2284 -0.7165 -0.5289 -1.2195  1.0500  1.2194 -0.9730  1.5202 -0.9637  1.5172
 1 -1.2456 -0.2447 -0.5678 -0.9328  1.0910  1.3142 -0.9238  1.4605 -0.9677  1.5926
 1 -0.8143  0.5302  0.1232 -0.9114  1.0128  1.1731 -0.8811  1.4674 -0.9746  1.4242
 3  0.1448 -0.9776 -0.7928  0.7979 -1.4272 -1.1446  2.9161 -0.8484  2.0850 -0.8032
 3  0.0553 -0.7368 -0.8618  0.9285 -1.4272 -1.1446  3.3752 -0.8484  2.3426 -0.8032
 3 -0.0052 -0.5347 -0.7904  0.8564 -1.4272 -1.1446  3.2385 -0.8484  2.1633 -0.8032
 3 -0.0030 -0.6306 -0.8662  0.7010 -1.4272 -1.1446  3.1293 -0.8484  2.0818 -0.8032
 3 -0.1283 -0.7686 -0.6843  0.5812 -1.4272 -1.1446  4.8097 -0.8484  4.0462 -0.8032
 3 -0.1932 -0.9532 -0.8871  0.3842 -1.4272 -1.1446  2.4734 -0.8484  2.0981 -0.8032
 3 -0.0942 -0.7832 -0.8571  0.5409 -1.4272 -1.1446  2.8833 -0.8484  2.3100 -0.8032
 3 -0.0940 -0.8999 -0.8658  0.5162 -1.4272 -1.1446  2.8286 -0.8484  2.3590 -0.8032
 3 -0.1220 -0.9774 -0.9656  0.4301 -1.4272 -1.1446  2.6647 -0.8484  2.3915 -0.8032
 3 -0.2525 -0.4407 -0.3759 -0.6555 -0.6912 -1.1446 -0.6007 -0.8484 -0.4630 -0.8032
 3 -0.1380  0.8406  0.9357 -0.7685 -0.9857 -1.1446 -0.3400 -0.8484 -0.3505 -0.8032
 3 -0.0228  0.8646  1.2239  0.0315 -1.1776 -1.1446  0.7085 -0.8484  0.0689 -0.8032
 3  0.1457  1.8308  1.2448 -0.8071 -0.5320 -1.1446 -0.4844 -0.8484 -0.7169 -0.8032
 1 -1.2572 -0.6980 -0.4620 -1.5819  1.0630  1.2371 -0.9297  0.3517 -0.9251 -0.0753
 1 -1.2419 -0.7959 -0.8701 -1.4535  1.1542  1.1622 -0.9171  1.4150 -0.9433  1.2889
 1 -1.2228 -0.7898 -0.0716 -1.3341  1.1792  1.3033 -0.8671  1.7385 -0.7304  1.7989
 1 -1.0127 -0.6115 -0.2320 -0.9762  1.0006  1.1253 -0.8246  1.5195 -0.7542  1.5788
 1 -1.2799 -0.4531 -0.6070 -1.5139  1.1761  1.3339 -0.9308  1.4266 -0.9030  1.4359
 3  0.2212  1.0192 -0.1870 -0.2949 -0.8910 -1.1446  0.6743 -0.8484  1.4735 -0.8032
 3  0.1546 -0.7044 -0.4448 -0.3326 -1.0379 -1.1446  0.0756 -0.8484  0.1826 -0.8032
 1 -1.2495 -0.9484 -0.8801 -1.3923  1.0284  1.1932 -0.9667  1.1969 -0.9490  1.2849
 3  0.1898 -0.7961 -0.6228 -0.3426 -0.9842 -1.1446  0.1959 -0.8484 -0.1821 -0.8032
 3  0.2377 -0.5540 -0.6885 -0.3050 -1.0379 -1.1446  0.1371 -0.8484 -0.2698 -0.8032
 1 -1.1990 -0.6935 -0.6444 -1.4359  1.0090  1.1267 -0.9198  1.4157 -0.9580  1.4830
 1 -1.2229 -0.9849 -0.7171 -1.4630  1.0678  1.1510 -0.9271  1.3056 -0.8943  1.3172
 3  0.3350 -0.6799 -0.2046 -0.2804 -0.9116 -1.1446 -0.0386 -0.8484 -0.4113 -0.8032
 3  0.2890 -0.9035 -0.3374 -0.3023 -1.0183 -1.1446 -0.0587 -0.8484 -0.3744 -0.8032
 1 -1.2578 -0.8389 -0.3690 -1.0117  1.0485  1.0644 -1.0146  1.6864 -1.4069  1.8137
 3  0.2619 -1.0170 -0.3091 -0.2720 -1.0734 -1.1446  0.1678 -0.8484 -0.2209 -0.8032
 3  0.2279 -0.5106 -0.3644 -0.2488 -1.1796 -1.1446  0.1166 -0.8484 -0.1720 -0.8032
 1 -1.2558 -0.6966 -0.4578 -1.4366  1.0131  1.1786 -0.9329  1.3106 -0.9633  1.3952
 1 -1.3099 -0.5761 -0.6145 -1.4058  1.1506  1.2710 -0.9433  1.5188 -0.9423  1.6039
 3  0.2904 -0.4578 -0.6959 -0.1707 -1.1320 -1.1446  0.3670 -0.8484  0.1305 -0.8032
 3  0.4166 -0.2652 -0.0389 -0.2446 -0.9343 -1.1446 -0.0969 -0.8484 -0.2284 -0.8032
 3  0.4559 -0.5049 -0.2054 -0.1841 -0.8296 -1.1446  0.1963 -0.8484 -0.0104 -0.8032
 3  0.3123 -0.7871 -0.8114  0.1805 -1.4272 -1.1446  0.7519 -0.8484  0.6839 -0.8032
 3  0.3685 -0.3013 -0.7862  0.1958 -1.4272 -1.1446  0.4739 -0.8484  0.4111 -0.8032
 3  0.3121 -0.4972 -0.4951  0.3307 -1.4272 -1.1446  1.3668 -0.8484  1.2707 -0.8032
 2 -0.4070  0.7410  0.2246 -0.9580  0.2712 -0.0423 -0.3287 -0.7293 -0.1709 -0.5903
 3  0.2080  0.7737  0.5287 -0.1158 -0.8510 -1.1446  0.1283 -0.8484  0.1913 -0.8032
 2 -0.4333 -0.7643 -0.6745 -0.7205  0.2712 -0.0774 -0.0646 -0.4712  0.1835 -0.5221
 2 -0.5419  0.3585  0.5115 -0.2659  0.6251  0.2364  0.0859 -0.5537  0.3660 -0.5755
 2 -0.3234  0.7775  0.8766 -0.5886  0.3242  0.1185 -0.2165 -0.4554  0.0053 -0.4861
 2 -0.1261 -0.7753 -0.8608 -0.8042  0.0116 -0.1791 -0.3070 -0.5428 -0.0783 -0.5863
 2 -0.1765  0.8073  0.6754 -1.4204  0.1553 -0.3362 -0.5057 -0.5627 -0.3232 -0.5725
 2 -0.2497  0.7201  0.9116 -1.0478  0.2524 -0.1565 -0.6198 -0.5690 -0.3766 -0.5603
 2 -0.4720 -0.6899 -0.0515 -0.4842  0.4977 -0.0937 -0.8220 -0.4947 -0.6806 -0.5821
 2 -0.8823 -0.2212 -0.0465 -0.6507 -0.2064  0.3208  0.0756  0.3795  1.6467  0.2701
 3  0.0414 -0.4906  0.3386  0.0731 -1.1144 -1.1446  0.7260 -0.8484  1.2959 -0.8032
 2 -0.1735  1.2083  1.2914  0.1483  0.2004 -0.1339  0.5060  0.0030  0.7817 -0.0551
 2 -0.4512 -0.6161 -0.8042  0.0022  0.7705  0.0443  0.6796  0.3074  1.6052  0.0233
 2 -0.3410 -0.2599 -0.4320 -0.4462  0.5543 -0.2014  0.1371  0.0030  0.7022 -0.1851
 2 -0.3401 -0.0687 -0.7296  0.1775  0.1497  0.0104  0.4357 -0.3620  0.9965 -0.1341
 2 -0.1970 -0.1152 -0.6914  0.2884 -0.0612 -0.0549  0.4632 -0.3017  0.8003 -0.1921
 2 -0.0833 -0.5332 -0.5979  0.4008 -0.1180 -0.0330  0.5572 -0.2262  0.7083 -0.2828
 2  0.0914 -0.5761 -0.6034  0.6128  0.1296 -0.2351  0.6597 -0.0626  0.7450 -0.5104
 2  0.0923 -0.2350 -0.4801  0.4086  0.2032 -0.1422  0.5650 -0.1569  0.6589 -0.4596
 2  0.1340  0.1506 -0.6550  0.1503  0.1540 -0.1410  0.2770 -0.2521  0.3892 -0.4802
 1 -1.3274 -0.6382 -0.7376 -1.1513  1.1343  1.1539 -0.9879 -0.1533 -0.9667 -0.3645
 3 -0.0672 -0.3989 -0.6730  0.7490 -1.4272 -1.1446  2.6456 -0.8484  3.6403 -0.8032
 1 -1.2651 -0.8728 -0.7862 -1.1165  0.9952  1.1680 -0.9810  0.3213 -0.9724 -0.0287
 1 -1.2894 -0.4992 -0.6408 -1.3694  1.0661  1.2419 -0.9794  0.9876 -0.9632  0.7081
 1 -1.1412 -0.4344 -0.4825 -1.2076  1.0166  1.2216 -0.9376  1.0045 -0.9667  0.9231
 3  0.1169  0.1086 -0.7067  0.6572 -1.4272 -1.1446  2.5405 -0.8484  3.1281 -0.8032
 3  0.2380  0.2447 -0.0857  0.5509 -1.4272 -1.1446  1.2293 -0.8484  1.5275 -0.8032
 3  0.0396 -0.9016 -0.4225  0.7205 -1.4272 -1.1446  1.8491 -0.8484  2.4191 -0.8032
 1 -1.2426 -0.6684 -0.6015 -1.3538  1.1703  1.2400 -0.9365  1.4433 -0.9593  1.4929
 3  0.1158 -0.6034 -0.6010  0.6810 -1.4272 -1.1446  1.5389 -0.8484  1.8797 -0.8032
 1 -1.2225 -0.6028 -0.7281 -1.4231  1.0284  1.2201 -0.9430  1.2342 -0.9545  1.2460
 3  0.1370 -0.5749 -0.7481  0.6785 -1.4272 -1.1446  2.0761 -0.8484  2.2950 -0.8032
 1 -1.2947 -0.8343 -0.6677 -1.3483  1.1794  1.3230 -0.9268  1.2634 -0.9374  1.3758
 3  0.1245 -0.9908 -0.8453  0.6675 -1.4272 -1.1446  2.0194 -0.8484  2.2837 -0.8032
 1 -1.3308 -0.7643 -0.7787 -1.4542  1.0490  1.2332 -0.9675  1.3179 -0.9519  1.4863
 3  0.0884 -0.9628 -0.9496  0.6232 -1.4272 -1.1446  1.9248 -0.8484  2.2160 -0.8032
 3  0.0417 -0.7571 -0.8786  0.5575 -1.4272 -1.1446  2.1045 -0.8484  2.5179 -0.8032
 1 -1.3128 -0.6075 -0.3094 -1.1655  1.2189  1.3746 -0.9213  1.6357 -0.9209  1.6153
 1 -1.2218 -0.5701 -0.5224 -1.1261  1.1649  1.3091 -0.9049  1.5506 -0.9269  1.5320
 3 -0.2532 -0.5322 -0.4583  0.4471 -1.4272 -1.1446  4.5228 -0.8484  5.6112 -0.8032
 1 -1.2949 -0.4344 -0.4912 -0.9804  1.2385  1.3933 -0.9225  1.5982 -0.9348  1.6270
 3 -0.0600 -0.7347 -0.8138  0.5068 -1.4272 -1.1446  2.5226 -0.8484  2.6866 -0.8032
 3 -0.0104 -0.6497 -0.7844  0.5214 -1.4272 -1.1446  1.9610 -0.8484  2.1266 -0.8032
 2  0.2093  0.3701  0.2772  0.6700  0.3561  0.1086  0.1125 -0.7501  0.0420 -0.6861
 2  0.0124  0.5580  0.0368  0.6365  0.5099  0.1944  0.2831 -0.7746  0.4592 -0.6811
 2 -0.4192 -0.3704  0.0632  0.0001  0.3298  0.2214  0.0311 -0.7128  0.6523 -0.5877
 2 -0.1104 -0.7255  0.0327  0.2459  0.5071  0.3152  0.0483 -0.5209  0.1703 -0.6296
 2  0.4576 -0.5236 -0.5242  0.7303 -0.2006 -0.5458  0.7337 -0.5572  0.7124 -0.6008
 2 -0.0792 -0.9169  0.4175  0.3424  0.5624  0.4261  0.1195 -0.4443  0.2489 -0.5132
 2  0.4486 -0.7633 -0.7100  0.7154 -0.3578 -0.6954  0.6608 -0.7612  0.6581 -0.7743
 2 -0.1312  0.0404  0.3010  0.3577  0.3364  0.2444 -0.1183 -0.4252  0.0791 -0.4430
 2 -0.2116 -0.1092 -0.0535  0.3419  0.7086  0.4969  0.0886 -0.3721  0.3360 -0.3301
 2 -0.3101  0.0820 -0.4845  0.2637  0.5897  0.4976  0.0141 -0.3818  0.3675 -0.3397
 2 -0.3301 -0.0937 -0.2011  0.0556  0.5028  0.4479 -0.0828 -0.3960  0.3360 -0.3537
 2  0.3015 -0.3617 -0.4334  0.8167 -0.0625 -0.2205  0.5762 -0.7362  0.6367 -0.7195
 2 -0.2404 -0.3472  0.3030  0.0061  0.5866  0.4491 -0.0561 -0.5115  0.2531 -0.4240
 2  0.2134 -0.5806 -0.5842  0.7763  0.0509 -0.1264  0.6062 -0.5865  0.7233 -0.6008
 2 -0.1771  0.8323  0.3050 -0.0099  0.3115  0.1835 -0.2728 -0.5115 -0.0235 -0.5245
 2  0.1882 -0.5267 -0.8371  0.7146  0.0425 -0.1807  0.6763 -0.4554  0.7939 -0.5029
 2 -0.1540 -0.0879 -0.0008  0.1278  0.3655  0.3152 -0.0747 -0.4773  0.2356 -0.5212
 2  0.3117 -0.4760 -0.4045  0.5242 -0.0969 -0.3631  0.4076 -0.2984  0.4613 -0.4128
 2 -0.2606 -0.0865  0.3205  0.1115  0.4653  0.3567 -0.1124 -0.4217  0.3034 -0.4910
 2 -0.1943 -0.3188  0.6433  0.0974  0.6350  0.4261  0.0071 -0.1972  0.3076 -0.3125
 2  0.3736 -0.4692 -0.4654  0.5092 -0.0286 -0.2171  0.2745 -0.2705  0.2329 -0.2751
 2 -0.1114  0.4620  0.6929  0.1458  0.2712  0.1835 -0.2376 -0.2684  0.0219 -0.3943
 2  0.0029 -0.6773 -0.6168  0.3363  0.3171  0.2539  0.0274 -0.3599  0.1793 -0.4444
 2  0.6204 -0.0905 -0.5728  0.4047 -0.0961 -0.4017  0.2069 -0.3811  0.1277 -0.5289
 2 -0.0124 -0.7086 -0.6813  0.3902  0.3655  0.3152  0.0688 -0.3681  0.2192 -0.4345
 1 -1.2289 -0.7961 -0.5762 -1.3128  1.1071  1.2305 -0.9658  1.5702 -0.9770  1.6235
 1 -1.2964 -0.3005 -0.8138 -1.0965  1.0026  1.2434 -0.9961  1.5395 -0.9566  1.5327
 2  0.0182  0.6521  0.2733  0.3840  0.4513  0.3989  0.2228 -0.3483  0.3537 -0.4010
 2  0.1177 -0.1724  0.2021  0.3484  0.2493  0.1821 -0.0300 -0.4052  0.0678 -0.4029
 2 -0.1754  0.4090 -0.2400  0.3614  0.1940  0.1416  0.5395 -0.4912  1.0607 -0.3774
 2  0.2747 -0.1707 -0.4886  0.1898  0.1627  0.0424 -0.1690 -0.4304 -0.1801 -0.4046
 1 -1.2661 -0.9561 -0.6297 -1.0798  1.1545  1.3460 -0.9240  1.3825 -0.9703  1.3374
 2  0.0380  1.0608  1.0333  0.2007  0.1579 -0.0668  0.3420 -0.4554  0.4907 -0.6210
 2  0.3138  0.0672  0.6144  0.1143  0.3869  0.2335 -0.0194 -0.3304 -0.1465 -0.3596
 2  0.3561 -0.6645  0.7769  0.0149  0.0628  0.0147 -0.3014 -0.4184 -0.3494 -0.4350
 2 -0.4909  0.4645 -0.1070  0.1169  0.7937  0.7625 -0.2823 -0.4455  0.0415 -0.5629
 2 -0.4245 -0.1343 -0.3310  0.2202  0.9020  0.8418 -0.1335 -0.4443  0.2070 -0.5802
 2 -0.2963 -0.1593 -0.6017  0.2808  0.5459  0.5199 -0.0510 -0.3861  0.2286 -0.5277
 2 -0.1872 -0.0873 -0.4045  0.2233  0.4355  0.3941  0.1014 -0.2906  0.4153 -0.5010
 2  0.4185 -0.4327 -0.1383  0.4085  0.2384  0.2236 -0.1892 -0.2892 -0.2839 -0.3828
 2 -0.1144 -0.2118 -0.2260  0.1698  0.3278  0.2299  0.1698 -0.2722  0.4809 -0.4910
 2 -0.0331 -0.5621 -0.1305  0.1803  0.1168  0.0805  0.0215 -0.3245  0.3048 -0.5193
 2  0.0084 -0.1682 -0.0325  0.5457  0.4330  0.2990 -0.0737 -0.3057  0.0429 -0.2828
 2  0.0847 -0.1755 -0.2158  0.2112  0.1617  0.1071  0.2442 -0.3667  0.4342 -0.5514
 2  0.1754 -0.3704  0.6040  0.3989  0.3418  0.2364 -0.1857 -0.4063 -0.1231 -0.3802
 1 -1.2241 -0.0546 -0.0328 -1.2134  1.0864  1.2742 -0.9421  1.5659 -0.9738  1.5826
 1 -1.0363 -0.5079 -0.4823 -0.9747  1.0457  1.3002 -0.9027  1.5157 -0.9468  1.5137
 2 -0.0741  0.0909 -0.5231  0.4656  0.4187  0.3669  0.5808 -0.6433  0.9789 -0.5994
 2  0.1730  1.0657  1.2121  0.3807  0.1497 -0.0360  0.1828 -0.6013  0.1860 -0.6917
 2  0.2219  1.4481  1.6159  0.2235  0.2942  0.1008  0.1737 -0.5299  0.1396 -0.6554
 2  0.3512  1.1329  0.6677 -0.0670  0.0234 -0.1172 -0.1908 -0.6192 -0.1995 -0.6893
 2 -0.0418  1.1228  1.1612  0.2994  0.5665  0.4372 -0.1356 -0.2163 -0.1151 -0.2261
 2  0.0701 -0.0841  1.2729  1.1369 -0.2006 -1.0097  1.4624 -0.8484  2.0085 -0.8032
 2  0.2382  0.1878 -0.0230 -0.0503  0.3143  0.1845 -0.3610 -0.3290 -0.4221 -0.4062
 2 -0.2777 -0.1823  0.9082  0.6070 -0.4082 -1.1446  1.1782 -0.8484  2.7502 -0.8032
 2 -0.1396  0.5091  1.9038  0.7459 -0.8329 -1.1446  2.6948 -0.8484  4.8140 -0.8032
 2  0.4369  0.2237 -0.0571  0.2168 -0.1005 -0.3362  0.3215 -0.7501  0.3537 -0.6568
 2  0.7882  0.8780  2.8753  1.0324 -0.4138 -0.9619  0.7281 -0.8484  0.5762 -0.8032
 2  0.2022  0.2070  2.1062  0.9742 -0.5781 -1.0434  1.7663 -0.8484  2.3528 -0.8032
 2  0.4001  2.0988  2.2957  0.1944 -0.1089 -0.3787  0.1177 -0.5589  0.0565 -0.6184
 2 -0.2328  0.7533  0.7340  0.6851  0.4409  0.6109  0.1125 -0.1524  0.3412 -0.0893
 2 -0.1115  0.4623 -0.1246  0.5450  0.4088  0.4285  0.1138 -0.1899  0.2665 -0.1280
 2  0.3068  0.3027  2.3331  0.8335 -0.7778 -1.1446  1.6488 -0.8484  2.1230 -0.8032
 2 -0.4751  0.4668  0.1073  0.1523  0.6162  0.6492 -0.0550 -0.0133  0.6151  0.0264
 2 -0.3805  1.0968  0.7714  0.5604  0.7937  0.4101  0.3735  0.2701  0.9576  0.2477
 2  0.4326 -0.0744  0.1270  0.8600 -0.6184 -1.1060  1.3375 -0.8484  1.3808 -0.8032
 2  0.4227  2.0914  2.3660  0.7835  0.2213 -0.1221  0.4771 -0.2936  0.3106 -0.3898
 2  0.4090  0.1930  0.4338  0.9538 -0.6553 -1.1077  1.1543 -0.8484  1.2874 -0.8032
 2 -0.0358  1.5286  1.6945  0.9766  0.1540  0.0543  0.4297 -0.1979  0.5763 -0.4263
 2  0.2041  1.3198  1.5781  0.7236  0.1889 -0.0231  0.4346 -0.0878  0.4389 -0.3751
 1 -1.1743 -0.2597 -0.5864 -1.4080  1.0625  1.1522 -0.9603  1.5152 -0.9523  1.4795
 2  0.0345  0.2671  0.9007  0.2806  0.4750  0.1974 -0.2711 -0.0939 -0.2801 -0.1006
 2  0.4026  1.8605  1.4173  1.5721 -0.5781 -1.1446  1.6068 -0.5865  1.5764 -0.0596
 2  0.1496  0.4432  2.2560  0.9805 -0.4365 -0.9200  1.4214  0.1994  2.0247  0.7582
 2 -0.0348  1.2399  1.0568  0.6507  0.2712  0.2029  0.5777  0.1013  1.0140 -0.1851
 2  0.4217  0.3281  2.6362  1.0597 -0.3195 -0.6173  1.1048  0.5526  1.2213  0.8938
 1 -1.1963 -0.6802 -0.4136 -1.3993  1.0946  1.2439 -0.9771  1.4379 -0.9667  1.4678
 2 -0.1107 -0.6222  0.4559  0.5054  0.1731  0.0060  0.4019 -0.2137  0.8278 -0.5629
 2 -0.4195  0.2749  0.4066  0.8171 -0.0375  0.1050  2.2051  4.7243  3.8484  4.9451
 1 -1.3197 -0.4407 -0.8629 -1.0474  1.1608  1.4091 -0.9325  1.4593 -0.9260  1.5263
 2  0.0102  1.2104  1.3223  0.1994  0.2447  0.0429  0.0986 -0.2835  0.4042 -0.4371
 1 -1.2634  0.1480 -0.5292 -1.3267  1.0951  1.2325 -0.9568  1.3216 -0.9634  1.3582
 2  0.2995  1.4109  1.5393 -0.3202  0.1650 -0.0161 -0.2523 -0.2590 -0.2331 -0.4453
 1 -1.2953 -0.6246 -0.5958 -1.0469  1.1723  1.4226 -0.9264  1.2514 -0.9421  1.0919
 2 -0.0928  1.6140  1.7797  0.1625  0.7563  0.4491  0.0352 -0.3545  0.1148 -0.5802
 1 -1.2286 -0.2773 -0.4464 -1.2758  1.0706  1.2572 -0.9391  1.2339 -0.9742  0.9746
 3  0.8928  0.6464  0.5501 -0.4281 -0.7162 -1.1446 -0.1060 -0.8484 -0.0557 -0.8032
 3  0.4826  0.1838  0.6587  0.7499 -1.1569 -1.1446  0.9196 -0.8484  1.2007 -0.8032
 2 -0.3359  2.1035  1.2038 -0.2567  0.2929  0.1615 -0.4525 -0.5461  0.0039 -0.5629
 3  0.7590  1.6207  1.6208  1.8951 -1.4272 -1.1446  2.0089 -0.8484  1.7884 -0.8032
 2 -0.1930  1.2536  0.6412 -0.0277  0.1194  0.0392  0.0317 -0.8484  0.4638 -0.8032
 1 -1.1894 -0.7156 -0.8532 -1.0734  1.0225  1.1643 -0.9873  0.7742 -0.9826  0.5896
 3  1.1858  3.0719  3.2511  0.8478 -1.1618 -1.1446  0.6443 -0.8484  0.3721 -0.8032
 3  1.4198  2.4070  2.5658  0.9181 -1.0117 -1.1446 -0.0592 -0.8484 -0.1707 -0.8032
 3  1.2248  3.2426  3.3969  1.1323 -1.4272 -1.1446  0.6674 -0.8484  0.3813 -0.8032
 3  1.5178 -0.2609 -0.8094  2.6838 -1.4272 -1.1446  2.3504 -0.8484  1.4835 -0.8032
 3  1.5266 -0.5402 -0.7199  2.6885 -1.4272 -1.1446  2.2158 -0.8484  1.3039 -0.8032
 3  1.5674 -0.8235 -0.8377  2.6284 -1.4272 -1.1446  1.9067 -0.8484  1.0618 -0.8032
 3  1.7169 -0.4550 -0.5514  2.5592 -1.4272 -1.1446  1.6963 -0.8484  0.8585 -0.8032
 3  1.8098 -0.4253 -0.5466  2.6737 -1.4272 -1.1446  1.2947 -0.8484  0.5410 -0.8032
 3  1.8836 -0.4367 -0.8094  2.7924 -1.4272 -1.1446  1.4809 -0.8484  0.6315 -0.8032
 3  1.7691 -0.5873 -0.6538  2.1247 -1.4272 -1.1446  0.9441 -0.8484  0.4454 -0.8032
 3  1.8884 -0.5607 -0.7450  1.6200 -1.4272 -1.1446  0.3058 -0.8484 -0.0523 -0.8032
 3  1.9898 -0.5155 -0.7443  1.5237 -1.4272 -1.1446  0.0894 -0.8484 -0.2391 -0.8032
 3  1.9847 -0.8037 -0.7695  1.5028 -1.4272 -1.1446  0.1217 -0.8484 -0.1965 -0.8032
 3  1.9571 -1.0123 -0.9945  1.4889 -1.4272 -1.1446  0.1345 -0.8484 -0.1457 -0.8032
 3  1.9256 -1.0448 -0.9874  1.4870 -1.4272 -1.1446  0.1585 -0.8484 -0.1151 -0.8032
 3  1.9043 -0.9087 -0.8040  1.6811 -1.4272 -1.1446  0.2372 -0.8484 -0.0625 -0.8032
 3  1.6189  5.1653  3.0461  1.5892 -1.4272 -1.1446  0.3021 -0.8484  0.0102 -0.8032
 3  1.0955  2.7750  1.3259  2.0191 -1.2384 -1.1446  1.0981 -0.8484  0.7504 -0.8032
 3  0.5669  0.0619  0.5799  0.7519 -1.2914 -1.1446  0.6929 -0.8484  0.7822 -0.8032
 3  1.9448  0.2125 -0.3163  1.0101 -1.0515 -1.1446 -0.2601 -0.8484 -0.4496 -0.8032
 3  2.0044 -0.5416 -0.6781  1.3669 -1.2405 -1.1446  0.0731 -0.8484 -0.2566 -0.8032
 3  2.0261 -0.1484 -0.8011  1.6610 -1.3694 -1.1446  0.3551 -0.8484 -0.1097 -0.8032
 3  2.0098  0.4975 -0.5341  2.2423 -1.4272 -1.1446  0.5859 -0.8484  0.0420 -0.8032
 3  0.6845 -0.6944 -0.9431  0.6775 -1.4272 -1.1446  0.9755 -0.8484  1.2674 -0.8032
 3  0.7331 -0.5033 -0.9567  0.5645 -1.4272 -1.1446  0.6732 -0.8484  0.9465 -0.8032
 3  0.8609 -0.1984 -0.6773  0.3436 -1.4272 -1.1446  0.1082 -0.8484  0.2847 -0.8032
 3  0.8797 -0.3112 -0.7895  0.3249 -1.4272 -1.1446  0.1154 -0.8484  0.2588 -0.8032
 3  0.8415 -0.8044 -0.8237  0.4491 -1.4272 -1.1446  0.4884 -0.8484  0.6262 -0.8032
 3  0.8229 -0.8810 -0.8499  0.4720 -1.4272 -1.1446  0.4884 -0.8484  0.6524 -0.8032
 3  0.8585 -0.7909 -0.5731  0.2711 -1.4272 -1.1446  0.2447 -0.8484  0.3446 -0.8032
 3  0.9060 -0.7460 -0.4333  0.2998 -1.4272 -1.1446  0.1054 -0.8484  0.1609 -0.8032
 3  1.0299 -0.8292 -0.8818  0.5142 -1.4272 -1.1446  0.1335 -0.8484  0.1609 -0.8032
